00  CoRoT-1b     0.1388   1.00  4.92    6298  2257  Q22
01  CoRoT-2b     0.16820  1.00  6.7659  5625  1831  W20
02  HAT-P-1b     0.11802  1.00  9.853   6067  1439  C11
03  HAT-P-7b     0.077524 1.00  4.1545  6449  2657  Q22
11  HAT-P-23b    0.11616  1.00  4.5459  5905  2154  O14
12  HAT-P-32b    0.14886  1.00  5.344   6001  2010  Q22
13  HAT-P-41b    0.1028   1.00  5.45    6390  2405  Q22
14  HAT-P-70b    0.0930   1.00  5.52    8450  2546  Q22
15  HD149026b    0.0507   1.00  6.80    6160  1784  B23
16  HD189733b    0.1504   1.00  8.84    5050  1399  Q22
17  HD209458b    0.12086  1.00  8.81    6065  1523  P19
18  K2-141b      0.02037  1.00  2.292   4599  2150  Z22
19  KELT-1b      0.07612  1.00  3.59    6518  2921  Q22
20  KELT-7b      0.0897   1.00  5.50    6768  2253  Q22
21  KELT-9b      0.0791   1.00  3.18    10170 4540  W19
22  KELT-20b     0.1157   1.00  7.53    8980  2402  F22
23  Kepler-5b    0.079965 1.00  6.45    6332  1970  W20
24  Kepler-6b    0.09424  1.00  7.503   5660  1728  W20
25  Kepler-7b    0.08294  1.00  6.637   6084   990  W20
26  Kepler-12b   0.118867 1.00  8.019   5926  1554  W20
27  Kepler-13b   0.087373 1.00  4.5007  9071  3022  Q22
28  Kepler-17b   0.1348   1.00  5.48    5781  1954  D23
29  LTT9779b     0.0455   1.00  3.877   5480  2100  D20
30  Qatar-1b     0.14629  1.00  6.247   4910  1531  W21
31  Qatar-2b     0.16526  1.00  6.6769  4645  1483  D23
33  TrES-2b      0.125358 1.00  7.64    5795  1629  W20
34  TrES-3b      0.1655   1.00  5.926   5650  1747  Q22
38  WASP-3b      0.1051   1.00  5.0150  6400  2372  W21
39  WASP-4b      0.15201  1.00  5.451   5400  1839  Q22
40  WASP-5b      0.1110   1.00  5.40    5770  2000  W20
42  WASP-12b     0.1170   1.00  3.0000  6360  2899  P19
44  WASP-14b     0.0965   1.00  6.05    6480  2193  S17
48  WASP-18b     0.09716  1.00  3.562   6431  2945  Q22
49  WASP-19b     0.14410  1.00  3.533   5616  2450  Q22
52  WASP-33b     0.1118   1.00  3.571   7430  2910  Q22
54  WASP-36b     0.13677  1.00  5.8480  5900  1440  W20
55  WASP-43b     0.1595   1.00  4.734   4400  1676  Q22
56  WASP-46b     0.14075  1.00  5.851   5600  1870  W20
57  WASP-48b     0.09584  1.00  4.70    6000  2158  C18
59  WASP-64b     0.1234   1.00  5.39    5550  1989  W20
61  WASP-76b     0.10904  1.00  4.10177 6250  2589  Q22
62  WASP-77b     0.13354  1.00  5.332   5617  1969  Q22
64  WASP-79b     0.10440  1.00  7.407   6600  2023  Q22
65  WASP-80b     0.17126  1.00 12.98870 4150   900  T15
66  WASP-100b    0.08014  1.00  5.234   6900  2356  W20
67  WASP-103b    0.1158   1.00  3.0130  6110  2862  Q22
68  WASP-121b    0.12355  1.00  3.8131  6459  2578  Q22
72  XO-4b        0.0881   1.00  7.68    6400  1784  T12
